1        1.343 3.87 
2        1.337 4.26 
3        1.336 4.46 
4        1.329 3.29 
6        1.325 4.78 
7        1.329 4.43 
8        1.323 5.55 
9        1.301 6.99 
10       1.323 6.45 
11       1.321 6.96 
12       1.311 7.10 
13       1.319 8.98 
14       1.305 6.99 
15       1.311 9.07 
16       1.313 8.06 
17       1.314 7.58 
18       1.315 6.90 
19       1.307 8.50 
20       1.275 7.35 
21       1.290 10.39 
22       1.293 9.23 
23       1.333 6.00 
24       1.308 7.90 
25       1.307 8.71 
26       1.307 9.33 
27       1.305 8.95 
28       1.306 4.73 
29       1.273 10.16 
30       1.292 13.91 
31       1.314 7.54 
32       1.292 8.84 
33       1.315 7.84 
34       1.313 0.00 
35       1.321 8.40 
36       1.265 12.23 
37       1.279 7.38 
38       1.287 11.96 
39       1.269 8.44 
40       1.303 8.63 
41       1.265 12.35 
42       1.305 8.80 
43       1.269 10.48 
44       1.322 6.10 
45       1.335 6.19 
46       1.306 9.36 
47       1.282 7.93 
48       1.319 2.63 
49       1.300 9.97 
50       1.307 8.89 
51       1.309 8.20 
53       1.311 8.98 
54       1.310 8.53 
55       1.296 11.80 
56       1.301 10.22 
57       1.303 8.42 
61       1.263 9.13 
62       1.295 9.15 
63       1.296 1.66 
64       1.286 2.98 
65       1.287 9.18 
66       1.298 10.22 
67       1.297 6.51 
68       1.297 9.59 
70       1.305 8.28 
71       1.315 10.79 
73       1.310 9.91 
74       1.307 11.65 
76       1.295 4.45 
77       1.303 8.25 
78       1.277 10.46 
79       1.282 9.70 
80       1.305 9.25 
85       1.292 13.03 
86       1.308 8.98 
88       1.300 6.79 
89       1.256 10.38 
90       1.282 12.83 
91       1.291 8.99 
94       1.307 8.06 
95       1.287 7.89 
96       1.295 5.84 
97       1.318 7.20 
99       1.293 8.85 
100      1.308 9.08 
106      1.300 8.74 
111      1.301 6.81 
113      1.270 8.87 
119      1.287 7.42 
120      1.280 9.72 
121      1.289 12.52 
124      1.287 7.46 
126      1.283 2.64 
128      1.285 8.26 
136      1.297 12.41 
138      1.255 14.10 
139      1.251 9.64 
140      1.294 9.95 
141      1.313 7.78 
142      1.300 10.45 
148      1.282 3.18 
152      1.259 11.45 
156      1.289 10.42 
162      1.302 9.72 
163      1.279 13.65 
166      1.307 9.06 
174      1.277 11.42 
175      1.285 8.53 
178      1.277 10.77 
182      1.282 9.14 
184      1.290 7.13 
185      1.297 4.34 
187      1.291 10.90 
188      1.281 3.15 
190      1.282 6.31 
191      1.271 9.16 
195      1.288 4.98 
210      1.277 10.20 
214      1.294 8.56 
216      1.281 12.84 
221      1.293 8.79 
222      1.310 8.24 
224      1.324 6.77 
225      1.280 5.99 
228      1.311 9.18 
229      1.288 11.06 
239      1.274 12.28 
248      1.301 6.82 
251      1.297 9.81 
254      1.266 5.43 
256      1.268 10.48 
262      1.287 11.15 
268      1.297 10.16 
269      1.303 9.57 
271      1.273 12.35 
277      1.293 2.72 
285      1.285 6.35 
294      1.269 10.58 
295      1.290 4.43 
305      1.288 7.60 
306      1.300 6.37 
308      1.281 10.71 
310      1.262 9.53 
312      1.275 7.36 
314      1.287 10.26 
316      1.256 14.12 
317      1.265 5.45 
318      1.282 9.95 
319      1.249 10.85 
320      1.262 14.14 
321      1.284 11.39 
322      1.292 12.06 
324      1.276 6.02 
333      1.293 2.58 
334      1.320 5.87 
346      1.263 10.18 
347      1.286 0.62 
349      1.254 14.35 
353      1.291 6.47 
361      1.279 7.98 
363      1.281 11.27 
364      1.279 10.74 
365      1.262 9.94 
370      1.284 3.93 
376      1.280 9.09 
377      1.279 11.14 
378      1.276 9.63 
384      1.275 7.84 
386      1.295 11.59 
387      1.277 9.50 
389      1.260 13.26 
393      1.264 11.65 
394      1.274 4.98 
404      1.284 7.22 
413      1.253 10.73 
417      1.255 9.15 
419      1.264 9.52 
425      1.271 6.09 
429      1.268 13.12 
434      1.296 5.19 
456      1.268 11.17 
457      1.283 8.36 
458      1.259 11.48 
465      1.253 11.40 
466      1.290 7.63 
487      1.293 3.74 
489      1.274 4.27 
494      1.254 5.13 
497      1.232 14.62 
505      1.264 11.06 
506      1.284 11.44 
507      1.278 10.18 
509      1.292 8.99 
512      1.293 8.39 
519      1.272 10.89 
523      1.257 10.64 
527      1.274 6.89 
534      1.275 9.83 
539      1.297 1.26 
543      1.238 14.10 
546      1.272 11.23 
547      1.252 7.84 
552      1.276 7.12 
556      1.312 8.21 
561      1.258 12.05 
565      1.252 11.39 
572      1.306 8.69 
574      1.255 12.01 
582      1.283 10.78 
585      1.265 10.09 
592      1.258 5.08 
596      1.267 8.03 
603      1.252 13.36 
605      1.278 4.09 
616      1.256 10.43 
620      1.251 16.16 
643      1.274 11.57 
649      1.276 10.64 
659      1.247 8.29 
661      1.297 9.03 
677      1.274 8.27 
687      1.260 10.73 
691      1.283 8.31 
693      1.256 10.86 
703      1.261 11.05 
706      1.285 6.55 
713      1.281 5.80 
719      1.279 7.79 
723      1.287 12.25 
724      1.330 6.30 
726      1.328 6.32 
728      1.315 7.84 
734      1.269 6.56 
739      1.263 10.16 
756      1.243 9.63 
758      1.245 12.10 
768      1.266 8.85 
784      1.257 7.63 
793      1.272 10.46 
797      1.269 10.47 
807      1.245 13.83 
809      1.254 7.04 
810      1.242 10.83 
822      1.269 11.91 
831      1.325 4.19 
845      1.262 5.77 
851      1.249 10.65 
858      1.247 9.75 
862      1.274 7.27 
872      1.247 7.66 
877      1.274 6.06 
884      1.243 9.17 
887      1.279 7.99 
893      1.276 7.84 
896      1.292 4.36 
908      1.261 10.02 
911      1.281 8.85 
914      1.254 9.29 
915      1.261 12.08 
916      1.261 8.15 
920      1.273 7.36 
934      1.278 5.46 
945      1.251 16.20 
949      1.277 5.61 
982      1.291 6.61 
993      1.239 12.50 
1007     1.251 9.77 
1014     1.288 9.72 
1015     1.253 12.68 
1044     1.279 5.70 
1050     1.282 6.76 
1082     1.274 10.43 
1086     1.249 11.23 
1094     1.336 6.18 
1097     1.223 9.59 
1102     1.256 6.82 
1105     1.271 7.23 
1107     1.300 9.77 
1110     1.237 9.03 
1120     1.257 7.20 
1127     1.247 8.08 
1128     1.283 6.74 
1131     1.281 6.92 
1138     1.281 6.03 
1183     1.287 8.69 
1187     1.238 6.97 
1198     1.249 10.54 
1205     1.252 12.34 
1208     1.249 9.53 
1216     1.264 11.25 
1221     1.307 9.28 
1228     1.237 10.77 
1237     1.289 3.88 
1241     1.248 10.23 
1275     1.287 6.50 
1290     1.252 6.51 
1297     1.246 4.82 
1310     1.287 8.62 
1315     1.273 5.84 
1322     1.255 8.43 
1350     1.251 10.16 
1357     1.306 5.83 
1405     1.208 13.85 
1406     1.288 3.94 
1408     1.248 8.54 
1418     1.251 2.41 
1429     1.236 9.07 
1455     1.256 10.91 
1478     1.310 8.26 
1494     1.258 11.79 
1496     1.294 5.26 
1499     1.278 9.72 
1506     1.248 11.07 
1533     1.220 9.44 
1535     1.250 10.17 
1537     1.255 9.60 
1577     1.237 13.34 
1589     1.261 7.13 
1619     1.254 9.10 
1620     1.256 9.53 
1621     1.245 9.85 
1637     1.239 8.97 
1662     1.273 9.57 
1671     1.266 6.80 
1672     1.253 9.48 
1718     1.264 7.38 
1730     1.259 8.86 
1731     1.254 12.13 
1742     1.254 11.29 
1753     1.247 11.66 
1760     1.270 10.87 
1842     1.266 7.93 
1889     1.253 6.80 
1902     1.237 6.40 
1906     1.240 11.40 
1917     1.248 11.75 
1928     1.259 6.15 
1931     1.316 7.85 
1933     1.249 13.67 
1973     1.276 5.63 
1979     1.287 0.65 
1995     1.229 12.97 
2034     1.229 11.47 
2061     1.260 8.26 
2074     1.250 7.67 
2087     1.256 11.67 
2103     1.245 9.43 
2115     1.254 12.52 
2163     1.277 4.03 
2175     1.228 10.48 
2183     1.279 3.55 
2184     1.298 6.86 
2195     1.256 8.64 
2212     1.255 7.54 
2220     1.285 3.65 
2226     1.272 7.27 
2228     1.229 8.99 
2241     1.240 12.67 
2246     1.222 10.93 
2270     1.234 9.70 
2300     1.255 8.86 
2301     1.252 11.53 
2320     1.233 13.84 
2335     1.240 13.06 
2353     1.256 4.42 
2369     1.256 6.39 
2424     1.255 14.13 
2428     1.247 6.21 
2514     1.219 12.46 
2532     1.265 3.69 
2539     1.276 11.15 
2552     1.244 5.37 
2569     1.262 5.71 
2588     1.283 11.41 
2606     1.261 5.58 
2654     1.277 11.10 
2675     1.274 10.49 
2677     1.223 9.54 
2690     1.270 12.79 
2698     1.287 11.99 
2715     1.278 5.69 
2740     1.243 8.67 
2774     1.254 6.95 
2812     1.207 14.08 
2916     1.262 14.48 
2925     1.244 8.15 
2980     1.324 4.63 
3058     1.270 12.80 
3139     1.223 9.17 
3181     1.227 11.77 
3328     1.233 7.33 
3367     1.277 10.22 
3372     1.242 9.54 
3378     1.278 5.71 
3396     1.237 5.89 
3434     1.242 8.49 
3471     1.264 10.80 
3546     1.269 10.48 
3549     1.247 7.28 
