1    1.300 8.39 
2    1.299 11.07 
3    1.261 1.83 
4    1.296 8.93 
5    1.301 5.73 
6    1.275 6.67 
7    1.294 7.56 
8    1.263 10.31 
9    1.275 6.67 
10   1.248 14.79 
11   1.254 14.26 
12   1.296 2.46 
13   1.274 3.24 
14   1.293 8.99 
15   1.280 5.35 
16   1.263 17.14 
17   1.290 15.56 
18   1.239 16.93 
19   1.287 14.69 
20   1.257 13.04 
21   1.284 6.80 
23   1.239 3.14 
26   1.276 6.73 
27   1.239 16.93 
28   1.278 11.09 
29   1.279 8.62 
32   1.262 1.78 
33   1.252 17.63 
35   1.274 10.39 
36   1.257 12.36 
38   1.271 6.95 
39   1.267 4.43 
41   1.254 -5.10 
43   1.248 8.31 
44   1.246 14.46 
45   1.268 13.81 
46   1.270 5.91 
47   1.284 12.52 
48   1.267 11.02 
52   1.247 6.57 
54   1.267 15.19 
55   1.242 0.73 
59   1.247 6.97 
63   1.263 15.18 
64   1.234 2.32 
66   1.249 14.76 
70   1.253 -3.62 
71   1.231 11.50 
78   1.235 1.28 
87   1.244 8.15 
90   1.249 4.04 
91   1.247 10.13 
93   1.262 2.16 
94   1.262 3.76 
95   1.212 27.02 
96   1.220 19.62 
101  1.262 16.94 
102  1.238 17.57 
104  1.249 8.76 
105  1.265 16.38 
106  1.259 14.15 
108  1.242 9.38 
110  1.253 -2.12 
113  1.274 1.39 
114  1.266 18.25 
115  1.223 10.04 
124  1.253 5.63 
126  1.233 20.29 
129  1.251 -1.83 
132  1.242 7.84 
133  1.211 5.50 
137  1.214 27.15 
139  1.248 -1.17 
144  1.258 18.48 
145  1.274 1.47 
153  1.254 16.17 
158  1.265 15.96 
166  1.258 12.43 
169  1.230 17.18 
174  1.237 -0.73 
175  1.262 14.89 
176  1.250 9.11 
177  1.224 10.05 
184  1.214 27.02 
194  1.213 27.01 
196  1.251 9.12 
200  1.219 8.53 
204  1.262 3.76 
212  1.231 21.71 
217  1.239 1.53 
222  1.252 -3.35 
224  1.248 10.29 
225  1.242 7.84 
227  1.247 9.30 
235  1.245 18.12 
236  1.240 -0.55 
239  1.227 8.48 
243  1.256 11.77 
246  1.216 15.99 
255  1.244 15.40 
258  1.243 8.46 
271  1.224 17.52 
275  1.249 3.57 
281  1.261 16.53 
289  1.277 15.90 
290  1.249 -1.53 
291  1.234 2.32 
298  1.255 14.27 
302  1.237 7.27 
308  1.267 4.42 
311  1.256 4.57 
312  1.253 5.62 
318  1.237 19.45 
323  1.251 9.41 
325  1.224 2.82 
343  1.236 10.22 
346  1.197 13.70 
358  1.233 20.80 
359  1.247 10.14 
372  1.242 9.37 
373  1.213 11.94 
374  1.294 9.03 
382  1.212 8.27 
388  1.242 0.16 
397  1.265 16.39 
399  1.244 21.10 
407  1.244 8.14 
412  1.239 0.00 
417  1.232 2.49 
419  1.210 6.02 
423  1.229 2.63 
430  1.293 8.94 
440  1.233 8.54 
445  1.249 -1.57 
450  1.249 8.71 
453  1.227 12.61 
455  1.221 11.24 
461  1.232 2.29 
464  1.264 8.73 
466  1.275 6.69 
471  1.244 8.45 
477  1.196 12.98 
479  1.231 3.81 
481  1.200 22.87 
487  1.231 6.67 
499  1.227 6.45 
510  1.242 6.25 
518  1.223 16.29 
521  1.219 11.16 
534  1.236 14.93 
540  1.235 16.89 
541  1.220 8.96 
543  1.209 15.39 
544  1.208 17.01 
547  1.231 18.64 
571  1.234 0.65 
572  1.224 13.58 
580  1.228 1.35 
587  1.216 15.14 
588  1.213 8.35 
589  1.236 1.54 
592  1.213 12.82 
595  1.226 2.65 
596  1.233 10.74 
603  1.242 0.70 
605  1.224 4.23 
614  1.200 7.59 
615  1.194 9.23 
625  1.232 2.29 
630  1.221 1.99 
631  1.144 15.36 
638  1.227 9.53 
640  1.205 12.88 
647  1.264 13.31 
649  1.244 0.82 
672  1.243 1.01 
674  1.198 12.51 
676  1.254 16.09 
695  1.243 0.74 
707  1.134 20.33 
715  1.246 6.59 
751  1.219 2.85 
757  1.233 15.48 
778  1.194 9.21 
783  1.225 2.78 
789  1.230 0.10 
800  1.218 15.25 
801  1.200 8.87 
816  1.279 8.67 
829  1.230 10.63 
837  1.159 13.98 
851  1.217 5.07 
853  1.262 17.19 
859  1.212 8.33 
863  1.218 3.16 
869  1.223 4.61 
873  1.180 11.32 
887  1.223 12.12 
888  1.195 10.35 
895  1.151 13.22 
896  1.246 23.90 
908  1.220 9.66 
912  1.249 8.31 
914  1.148 13.77 
932  1.217 4.56 
938  1.200 13.31 
942  1.204 8.65 
963  1.220 9.52 
964  1.236 11.03 
973  1.238 10.31 
991  1.263 8.69 
1000 1.203 8.27 
1002 1.228 10.51 
1021 1.222 3.61 
1043 1.237 14.13 
1054 1.200 17.01 
1072 1.256 11.78 
1075 1.219 14.34 
1077 1.201 12.62 
1092 1.242 0.69 
1111 1.255 11.91 
1128 1.212 13.31 
1130 1.258 13.04 
1131 1.219 14.32 
1135 1.218 17.61 
1150 1.229 11.04 
1160 1.218 10.64 
1181 1.214 6.20 
1184 1.180 13.06 
1199 1.267 11.04 
1208 1.206 6.38 
1212 1.218 11.27 
1221 1.250 10.11 
1225 1.236 16.39 
1246 1.201 7.59 
1252 1.203 14.74 
1265 1.234 1.30 
1285 1.246 14.41 
1328 1.226 13.14 
1365 1.224 12.05 
1370 1.246 8.63 
1439 1.239 1.53 
1449 1.218 14.84 
1484 1.180 15.10 
1488 1.232 11.56 
1507 1.294 7.56 
1514 1.204 8.64 
1520 1.178 10.46 
1592 1.226 13.14 
1664 1.151 13.81 
1669 1.233 9.50 
1689 1.245 18.03 
1705 1.160 32.23 
1718 1.231 11.16 
1804 1.246 18.20 
1862 1.204 14.75 
1864 1.163 19.53 
1866 1.239 -0.00 
1885 1.216 16.03 
1902 1.228 9.53 
1937 1.251 9.43 
1964 1.156 11.45 
2006 1.172 18.37 
2042 1.232 11.56 
2075 1.229 11.58 
2081 1.206 10.25 
2121 1.200 8.86 
2158 1.251 17.61 
2165 1.209 10.42 
2197 1.146 12.57 
2248 1.250 8.73 
2255 1.206 10.26 
2292 1.225 1.24 
2301 1.209 15.35 
2385 1.249 10.13 
2391 1.183 29.83 
2429 1.211 37.22 
2437 1.225 23.31 
2462 1.277 17.84 
2473 1.198 28.48 
